# Lines from https://www-nds.iaea.org/amdc/ame2020/mass_1.mas20.txt (AME2020, Wang et al., Chinese Phys. C 45 (2021) 030003). Fetched 2026-10-02. line<TAB>text; B/A (keV) = 3rd numeric field after the element symbol
41	  -1    1    2    3 He        14931.21888     0.00006    2572.68044    0.00015 B- -13736#      2000#        3 016029.32197     0.00006
44	   0    2    2    4 He         2424.91587     0.00015    7073.9156     0.0002  B- -22898.2740   212.1320    4 002603.25413     0.00016
52	   0    3    3    6 Li        14086.88044     0.00144    5332.3312     0.0003  B-  -4288.1534     5.4478    6 015122.88742     0.00155
57	   1    4    3    7 Li        14907.10463     0.00419    5606.4401     0.0006  B-   -861.8930     0.0707    7 016003.43426     0.00450
67	   1    5    4    9 Be        11348.451       0.076      6462.6693     0.0085  B-  -1068.0349     0.8994    9 012183.062       0.082
85	   0    6    6   12 C             0.0         0.0        7680.1446     0.0002  B- -17338.0681     0.9999   12 000000.0         0.0
98	   0    7    7   14 N          2863.41683     0.00022    7475.6148     0.0002  B-  -5144.3643     0.0252   14 003074.00425     0.00024
112	   0    8    8   16 O         -4737.00217     0.00030    7976.2072     0.0002  B- -15412.1840     5.3642   15 994914.61926     0.00032
547	   4   30   26   56 Fe       -60607.163       0.268      8790.3563     0.0048  B-  -4566.6455     0.4104   55 934935.537       0.287
629	   6   34   28   62 Ni       -66746.440       0.425      8794.5555     0.0069  B-  -3958.8965     0.4751   61 928344.753       0.455
2878	  44  126   82  208 Pb       -21748.519       1.148      7867.4530     0.0055  B-  -2878.3680     2.0127  207 976652.005       1.232
3197	  51  143   92  235 U         40918.782       1.116      7590.9151     0.0048  B-   -124.2619     0.8524  235 043928.117       1.198
3224	  54  146   92  238 U         47307.732       1.492      7570.1262     0.0063  B-   -146.8652     1.2006  238 050786.936       1.601
3235	  51  145   94  239 Pu        48588.220       1.112      7560.3187     0.0047  B-   -802.1402     1.6635  239 052161.596       1.194
